100 2
1460 8778
744 2673
3406 4000
7520 8501
326 8189
611 9625
4181 8560
2110 5041
8219 8876
3998 5721
776 2212
8247 8256
5025 6118
4279 8035
2594 7203
8027 8669
6646 8230
6048 7364
2991 8738
4005 7934
3911 8625
2511 5892
799 4346
5762 9043
2885 8190
5027 9910
4069 8983
4891 4930
4339 6890
4660 6751
5738 7575
3552 5149
5594 6902
4743 7309
6848 8502
1583 8621
120 7318
7762 8426
268 276
2736 8125
6806 8821
2382 5300
4402 6317
5096 7328
2926 3825
6711 8882
719 3456
49 9310
1693 3339
894 2578
2473 7016
1738 3843
2436 9502
5300 7317
4808 8170
309 7132
3371 3649
460 6503
3618 4529
6228 6440
3590 7967
9158 9812
463 1744
4318 8259
3100 3157
4998 7833
160 8604
1738 5660
5242 6694
1377 6516
107 5550
6560 8233
2752 5153
4794 9330
1177 4025
4362 7501
6587 9084
787 4512
1954 7905
5741 9714
1117 6960
1740 6925
334 3932
2466 8011
899 3933
4773 8029
6029 6624
430 5472
2050 4281
5869 6806
702 8978
4612 8045
5610 7736
2724 3059
187 3153
5900 6631
5465 5545
1134 6702
6954 7548
2390 6335
